100
1000 1000
1000 2000
1000 3000
1000 4000
2000 1000
2000 2000
2000 3000
2000 4000
3000 1000
3000 2000
3000 3000
3000 4000
4000 1000
4000 2000
4000 3000
4000 4000
5000 1000
5000 2000
5000 3000
5000 4000
6000 1000
6000 2000
6000 3000
6000 4000
7000 1000
7000 2000
7000 3000
7000 4000
8000 1000
8000 2000
8000 3000
8000 4000
9000 1000
9000 2000
9000 3000
9000 4000
10000 1000
10000 2000
10000 3000
10000 4000
11000 1000
11000 2000
11000 3000
11000 4000
12000 1000
12000 2000
12000 3000
12000 4000
13000 1000
13000 2000
13000 3000
13000 4000
14000 1000
14000 2000
14000 3000
14000 4000
15000 1000
15000 2000
15000 3000
15000 4000
16000 1000
16000 2000
16000 3000
16000 4000
17000 1000
17000 2000
17000 3000
17000 4000
18000 1000
18000 2000
18000 3000
18000 4000
19000 1000
19000 2000
19000 3000
19000 4000
20000 1000
20000 2000
20000 3000
20000 4000
21000 1000
21000 2000
21000 3000
21000 4000
22000 1000
22000 2000
22000 3000
22000 4000
23000 1000
23000 2000
23000 3000
23000 4000
24000 1000
24000 2000
24000 3000
24000 4000
25000 1000
25000 2000
25000 3000
25000 4000
